RMSE: 6.330994
Coefficients: [-5.45230849405,-4.61359775319,-5.1501239686,-4.18725044026,-4.93017630784,-4.96062012273,-4.41352503488,0.257344364947,0.151487164126,0.0450401742251,0.161490975954,-0.453348726219,1.00715811902,-0.00031173894135,3.14797390566e-05,4.38860129004e-05,-8.14304399912e-05,1.49789579646e-05,-4.78606885223e-05,-0.00108397826017,1.01367040758e-06,0.000220034938762,-1.55780203999e-05,3.21507403142e-05]
+-------+-----------------+------------------+
|summary|            label|        prediction|
+-------+-----------------+------------------+
|  count|              458|               458|
|   mean|16.32751091703057|16.034943019988255|
| stddev|8.437292616781376| 4.389434007973768|
|    min|              0.0| 9.352911278135128|
|    max|             85.0| 49.57184717745896|
+-------+-----------------+------------------+

Test RMSE: 7.429514
0.0 10.481045980349748
0.0 10.572647052891071
1.0 10.322476403701057
2.0 10.659092960218903
2.0 10.738390345296596
2.0 10.225678504572695
2.0 10.924905623430895
2.0 11.267431157920612
3.0 10.879611074823668
3.0 10.360721759942077
3.0 10.562304528290033
4.0 10.144048616536534
5.0 10.159634992073972
6.0 11.57181844714961
6.0 10.896934989765887
6.0 12.948713930270717
6.0 11.093774560079783
6.0 11.846265282259376
7.0 12.325116504448802
7.0 11.587017943306204
7.0 11.635750588813984
7.0 10.805837767347787
7.0 12.505449979925057
7.0 12.353095211007249
7.0 11.810023915414305
7.0 11.290054274102312
7.0 12.197298160565898
7.0 12.327954186559982
8.0 9.421885945342499
8.0 11.810664301232555
8.0 11.466636425237095
8.0 13.055865582395834
8.0 10.794403885419099
8.0 9.352911278135128
8.0 12.391939199011603
8.0 11.37280677061839
8.0 13.746573055903616
8.0 12.448016465683061
8.0 13.383498130998683
8.0 11.202733598889882
8.0 12.90070475729686
8.0 12.652884780553046
9.0 12.577422519306747
9.0 12.407029450018767
9.0 13.302530853192502
9.0 11.935053366186223
9.0 12.183757198776284
9.0 13.129250616181828
9.0 11.729871177156166
9.0 12.954673870658342
9.0 13.448453679282231
9.0 13.012084792334166
9.0 12.3694140621612
9.0 11.288943712309383
9.0 11.60457617137051
9.0 13.890682861600613
9.0 13.570145044413465
9.0 14.82917355955953
9.0 12.733492739903875
9.0 11.712982548933415
9.0 10.787091356142849
9.0 13.225389685940797
9.0 12.245871340208717
9.0 13.762105308596874
9.0 14.649595247154272
9.0 13.473355056836626
9.0 11.181451242836243
9.0 12.851125168297447
10.0 11.113386684640954
10.0 11.967363145067559
10.0 13.382884616572642
10.0 11.844439936484404
10.0 11.374139772200685
10.0 13.240235603300654
10.0 13.809279128176277
10.0 13.54831521509675
10.0 13.618080656021473
10.0 11.922900242349321
10.0 11.519049433270105
10.0 12.746332597793304
10.0 12.016099014970894
10.0 18.60316391696574
10.0 14.2895301350536
10.0 13.188035604620229
10.0 12.43676290853802
10.0 16.08792556521835
10.0 13.196985844677343
10.0 14.66672663470603
10.0 11.695425733047774
10.0 10.400659267980569
10.0 12.271397182348164
10.0 13.693878647735142
10.0 13.29974576107926
10.0 11.870159547773682
10.0 12.97019322387113
10.0 11.604405489540495
10.0 12.70932664856427
11.0 13.693308678596747
11.0 13.467272974206985
11.0 13.0522595430233
11.0 13.642368255305474
11.0 14.91086084986835
11.0 15.139476911458363
11.0 14.623672805883707
11.0 12.86596075927499
11.0 13.807876839649376
11.0 11.207635535686741
11.0 14.612629132139578
11.0 12.026978631164635
11.0 14.0772137468088
11.0 14.76927485208606
11.0 13.734672738771486
11.0 15.859420781058873
11.0 13.507234481554152
11.0 14.06861946865321
11.0 13.691705749044836
11.0 13.249140003177441
11.0 13.391870662101523
11.0 13.243266493173737
11.0 14.034746403681673
11.0 13.198928769022576
11.0 15.03101425795313
11.0 13.232437869925871
11.0 13.391038756978421
11.0 13.185655301145529
11.0 14.608640949371313
11.0 16.634049524193166
11.0 14.018726246908777
11.0 15.533563081279366
11.0 14.448979301403961
11.0 14.128692465302187
11.0 13.3593460588176
12.0 15.679328102779772
12.0 12.59536831661202
12.0 13.397493450604395
12.0 12.765436343870164
12.0 14.463468155834448
12.0 14.95492809405984
12.0 14.194885037088905
12.0 16.750511286606233
12.0 15.990129159627925
12.0 15.815072350128858
12.0 13.948731713975246
12.0 12.4889044011364
12.0 14.13278773788633
12.0 15.693913353222129
12.0 14.151155629814655
12.0 13.117522527467077
12.0 12.921649109675599
12.0 15.414589092313403
12.0 11.78613054715371
12.0 15.743092726744283
12.0 11.470420061651662
12.0 14.384963549694914
12.0 12.704738402716906
12.0 13.982299238551434
12.0 12.76730341218584
12.0 13.271946474139362
12.0 14.317679125915324
13.0 15.914735486777376
13.0 14.275674798914784
13.0 13.952524521719337
13.0 19.638959399381235
13.0 14.036028757769769
13.0 15.30470575048158
13.0 17.75451775473144
13.0 13.241530138219748
13.0 14.186541338275557
13.0 14.003721347833842
13.0 19.526608627896714
13.0 13.935096176080453
13.0 16.914965057556156
13.0 17.10009007801965
13.0 13.010101697790484
13.0 12.89336024991479
13.0 12.088600384036916
13.0 12.796179187353484
13.0 13.077463687199192
13.0 25.63359519898529
13.0 12.08125671887094
13.0 12.315545396589862
13.0 11.480730608210552
13.0 12.24979364466489
13.0 12.096243254122626
13.0 15.35560516007972
13.0 15.990273987949566
13.0 18.091535767434237
13.0 12.644678191081194
13.0 15.953613741114395
13.0 15.32753765215968
13.0 13.726839662671168
14.0 15.198828302371213
14.0 11.790603580967463
14.0 14.578073921030262
14.0 16.65737176406789
14.0 15.530878804830216
14.0 14.73487485518195
14.0 14.775445855413269
14.0 13.3570283520236
14.0 18.413649220769415
14.0 14.899041143820734
14.0 13.236460000450267
14.0 18.61766385819472
14.0 16.77205928896695
14.0 17.087055487088783
14.0 12.323866330787709
14.0 17.235397519159385
14.0 14.48445771263163
14.0 13.533969222090407
14.0 15.50682714924792
14.0 15.018425229793586
14.0 19.047649190261932
14.0 14.277185561717513
14.0 18.65943809655306
14.0 16.97748578529195
15.0 17.389478719602973
15.0 18.1712196807433
15.0 15.213546229513863
15.0 14.562610782596337
15.0 14.2212591176943
15.0 16.694936227306712
15.0 14.381740487820194
15.0 12.82463650706366
15.0 11.819604315007844
15.0 16.107621842925255
15.0 17.28915202681756
15.0 17.32550663018374
15.0 14.107265916502252
15.0 16.439381412990166
15.0 15.918557776340307
15.0 18.66892813529755
15.0 17.256323884857938
15.0 16.702820783501327
15.0 17.958908726619413
15.0 14.759513922561426
15.0 13.64697282703511
15.0 16.61681102316051
15.0 19.3632876816363
15.0 12.145647197495133
15.0 13.754187805653977
15.0 18.06089932903415
15.0 15.18561855059459
15.0 16.192343603445345
15.0 22.032155534266472
16.0 12.648832399984379
16.0 17.91787063838033
16.0 15.872492553901765
16.0 17.892399668486345
16.0 17.72543925336884
16.0 14.156913180949978
16.0 16.67422600553109
16.0 12.526559741119808
16.0 20.21865862275416
16.0 17.48630992227089
16.0 18.077548431345168
16.0 17.88539727964711
16.0 20.619757909751357
16.0 18.352429335909438
16.0 14.197597744704094
16.0 16.515924289017633
16.0 13.513844468533291
16.0 16.707601970197256
16.0 12.49414496013581
16.0 11.130009477453473
16.0 19.21411218660849
16.0 14.081696476542627
16.0 21.267637103207406
16.0 14.747693944932532
16.0 15.147125709657544
16.0 15.697997278562585
16.0 17.718542318085916
17.0 15.706950986493199
17.0 19.145323657678684
17.0 22.174524710623686
17.0 21.456030023029374
17.0 21.367063667409603
17.0 21.38471591543579
17.0 17.840860992844284
17.0 20.95199890287365
17.0 24.983941500402043
17.0 14.464535256507201
17.0 19.125122678809735
17.0 13.638371653467164
17.0 15.657352556272649
17.0 15.99414107406839
17.0 19.005215954576457
17.0 19.585593018044705
17.0 19.876617998740567
17.0 13.645861921148152
17.0 12.483288648062832
17.0 15.943381805726293
17.0 24.446988699374977
17.0 21.728527823009472
17.0 16.674353298174502
17.0 14.230821430955562
17.0 22.714013497014317
17.0 12.677228778332404
18.0 15.861316287238324
18.0 19.215941930523538
18.0 18.55193743689247
18.0 12.978266523848792
18.0 28.034876868825215
18.0 14.324504254989561
18.0 22.036630751195858
18.0 14.053244668747238
18.0 17.042449420872774
18.0 19.50156828169167
18.0 18.54456541963122
18.0 18.049060335310877
18.0 20.0461029814975
18.0 18.885280963460726
18.0 16.118715272195896
18.0 19.781481659725067
18.0 16.45983645483883
18.0 21.01150510441611
18.0 15.139608175832542
18.0 20.804151255052147
18.0 14.557346948021145
18.0 13.689619855289767
18.0 17.987886051594483
19.0 13.883251517411107
19.0 18.534086004471895
19.0 21.0970022190415
19.0 19.950158099802795
19.0 16.787171947111283
19.0 16.24862073389589
19.0 12.451369789833997
19.0 26.485662074707676
19.0 20.243889627851964
19.0 20.403353605057468
19.0 14.331188545089208
19.0 17.30595768637645
19.0 15.511213816194168
19.0 16.26500031699019
19.0 21.115203986141665
19.0 19.871379008966514
19.0 19.750768390935164
19.0 18.418252048503057
19.0 11.535672226082623
19.0 16.226579601243206
19.0 16.435693675675257
20.0 14.893865638890631
20.0 18.13244756860477
20.0 18.645351644750008
20.0 18.688057914923963
20.0 22.888426410053924
20.0 24.614922259689813
20.0 17.287775902483187
20.0 14.747130113675778
20.0 13.53769681763435
20.0 15.830874420571073
20.0 19.671688407859286
20.0 13.9285874819413
21.0 18.609157196980505
21.0 15.372307451442639
21.0 16.88531928653712
21.0 17.793087017483103
21.0 26.18699218136407
21.0 13.56028810170667
21.0 21.782996985715616
21.0 21.40120041495013
21.0 15.267034935902142
21.0 16.46830025716087
21.0 12.592036346868067
21.0 19.408606051212526
21.0 16.61727975599227
21.0 18.996480667775728
21.0 12.992441198686837
22.0 19.237218620797012
22.0 17.596007217958988
22.0 14.80005285164091
22.0 20.553646551434497
22.0 24.66405305680283
22.0 17.972366819555212
22.0 18.529475230529698
22.0 15.694767619773618
22.0 13.129721123220534
23.0 15.100438649406561
23.0 21.848449314516134
23.0 22.833457569802196
23.0 18.02673417369652
23.0 33.5105479790566
23.0 26.87561514907464
23.0 15.453102870457869
23.0 16.136395564680683
23.0 19.525002373167702
23.0 21.122144665090506
23.0 22.686992898777667
23.0 24.16500600603591
23.0 21.32924107561816
24.0 27.678761089326073
24.0 27.85884224676353
24.0 15.756960663612317
24.0 25.961280207321998
24.0 26.441100492051586
24.0 16.524297026598365
24.0 17.399657626439634
24.0 12.603695352650423
24.0 21.120224761321357
25.0 21.39087213409994
25.0 18.41269833271246
25.0 23.47233658538036
25.0 21.883544260572098
25.0 11.35892512009286
25.0 15.650734875411645
25.0 15.404430435169518
25.0 23.237021203607338
25.0 21.50080075432861
25.0 16.50819654945266
25.0 18.814060249451263
25.0 19.52402837620783
25.0 18.553501772080445
25.0 16.057468823202868
25.0 15.5682024025201
26.0 18.860713415730785
26.0 24.42354749630408
26.0 21.07602475556054
26.0 21.52609914554182
26.0 30.043611656878344
26.0 31.34438984172713
26.0 20.51877930034337
26.0 20.954270201269168
27.0 23.726153164516845
27.0 22.453488663268747
27.0 23.529872857654308
27.0 16.312411998108615
27.0 23.673973208402437
28.0 18.427296414931682
28.0 27.313983484387006
28.0 19.299552441505806
28.0 12.544648363957638
29.0 15.80033021968921
29.0 21.70395012544183
29.0 12.432865426522463
29.0 20.83243690323979
29.0 25.68319241372038
29.0 12.530224460857575
29.0 12.941767122591193
30.0 15.097620471383737
31.0 20.757949805830886
32.0 18.834433024340058
33.0 18.22163084147173
33.0 18.060377465768315
34.0 15.043533783566991
35.0 12.313816523192433
35.0 13.075528325570735
36.0 31.505418269293543
36.0 49.57184717745896
36.0 13.809507941410205
36.0 28.84776354010996
36.0 12.604058260281922
38.0 27.537371868631446
40.0 12.217251212743077
42.0 26.01201673917106
47.0 14.882563911995934
60.0 13.702053899338727
74.0 13.481705510432562
85.0 14.369196885165461